-1.892011761665344238e-01
-9.282521903514862061e-03
-4.858007654547691345e-03
-7.301248610019683838e-02
-2.796512842178344727e-02
4.134193062782287598e-03
-5.333660170435905457e-02
-1.301918327808380127e-01
1.437825411558151245e-01
-1.372385472059249878e-01
1.536211073398590088e-01
-7.896425575017929077e-02
-2.159055471420288086e-01
-3.915183246135711670e-03
-8.478827774524688721e-02
1.704573184251785278e-01
-9.540338814258575439e-02
-1.707407087087631226e-01
-6.266193091869354248e-02
-7.213632762432098389e-02
3.560191392898559570e-02
-2.737864851951599121e-02
-5.265937745571136475e-02
1.758376210927963257e-01
-1.352760791778564453e-01
-3.395403921604156494e-01
-6.318646669387817383e-02
-1.060760170221328735e-01
-1.080941855907440186e-01
-6.189256906509399414e-02
4.765840247273445129e-02
4.189902544021606445e-02
-2.030978798866271973e-01
1.762579381465911865e-02
3.101073205471038818e-02
1.471564769744873047e-01
1.856177300214767456e-02
-2.095425128936767578e-02
2.212668508291244507e-01
1.884120516479015350e-02
-2.339895665645599365e-01
-2.825221419334411621e-02
1.437250226736068726e-01
2.905590236186981201e-01
2.022891044616699219e-01
-1.299135759472846985e-02
-2.862577699124813080e-02
-4.156941175460815430e-02
1.321084201335906982e-01
-2.952462732791900635e-01
3.246625885367393494e-02
1.438694447278976440e-01
1.916778460144996643e-02
7.076173275709152222e-02
1.288637369871139526e-01
-5.454153567552566528e-02
1.287034153938293457e-02
1.185473799705505371e-01
-1.712617725133895874e-01
6.354535371065139771e-02
1.534879952669143677e-02
-6.471244245767593384e-02
-6.447994709014892578e-02
-1.089660674333572388e-01
1.895619630813598633e-01
8.807632327079772949e-02
-1.648836135864257812e-01
-1.058828607201576233e-01
1.759047210216522217e-01
-2.104313373565673828e-01
-5.139441043138504028e-02
1.062252745032310486e-01
-8.232785761356353760e-02
-2.513258159160614014e-01
-3.065644204616546631e-01
5.914501845836639404e-02
4.314267635345458984e-01
2.416705787181854248e-01
-1.766756474971771240e-01
1.013549193739891052e-01
-2.143829502165317535e-02
-7.201826572418212891e-02
9.205933660268783569e-02
1.214575543999671936e-01
8.346449583768844604e-02
5.350288748741149902e-02
-7.201898843050003052e-04
4.439641535282135010e-02
1.969742327928543091e-01
9.747339785099029541e-02
-5.922839045524597168e-03
2.480502277612686157e-01
-4.099337756633758545e-02
-5.916278809309005737e-02
3.755540400743484497e-02
1.509988009929656982e-01
-1.120209693908691406e-01
-8.440901339054107666e-02
-2.126437723636627197e-01
-8.589690178632736206e-02
5.067899823188781738e-03
4.375029727816581726e-02
4.617352783679962158e-02
5.868509411811828613e-02
-2.071685492992401123e-01
1.688798069953918457e-01
-3.513064235448837280e-02
-5.067858844995498657e-02
-3.565853834152221680e-02
7.339000701904296875e-02
-8.630607277154922485e-02
1.148658990859985352e-02
1.317128390073776245e-01
-2.693303823471069336e-01
1.029649972915649414e-01
1.161640360951423645e-01
1.943260058760643005e-02
1.151187419891357422e-01
5.331232398748397827e-02
3.182356059551239014e-02
1.179001480340957642e-02
-5.548331886529922485e-02
-1.467701345682144165e-01
-1.204956918954849243e-01
1.762883365154266357e-02
-4.428237676620483398e-03
8.516913652420043945e-02
-1.857385039329528809e-03
