-7.983699440956115723e-02
3.593035042285919189e-02
3.030623123049736023e-02
-8.737456798553466797e-02
-7.851202040910720825e-02
-2.682742476463317871e-02
2.015041373670101166e-02
-4.462832957506179810e-02
7.628782838582992554e-02
-1.141207069158554077e-01
2.178387194871902466e-01
-6.249949336051940918e-02
-2.283094078302383423e-01
-1.636457443237304688e-02
-8.418700844049453735e-02
9.391372650861740112e-02
-1.382508575916290283e-01
-8.463704586029052734e-02
-1.064457595348358154e-01
-1.546979546546936035e-01
3.516859561204910278e-02
3.838277980685234070e-02
-9.690191596746444702e-03
3.592653572559356689e-02
-1.855424046516418457e-01
-2.406121641397476196e-01
-6.861601024866104126e-02
-8.095096051692962646e-02
1.339049823582172394e-02
-1.551727205514907837e-01
7.933650165796279907e-03
9.036986529827117920e-02
-5.078862980008125305e-02
-7.760446518659591675e-03
-5.292586982250213623e-03
3.193294256925582886e-02
-7.475217431783676147e-02
-1.232285350561141968e-01
1.591002345085144043e-01
5.665704235434532166e-02
-1.108042523264884949e-01
-5.004015564918518066e-02
3.294274583458900452e-02
3.649103641510009766e-01
1.756713092327117920e-01
1.770060881972312927e-02
2.253272384405136108e-02
-5.019038915634155273e-02
7.016392052173614502e-02
-2.827352285385131836e-01
6.431017071008682251e-02
1.238221898674964905e-01
4.512228444218635559e-02
8.333661407232284546e-02
7.677745819091796875e-02
-1.202938258647918701e-01
1.105904579162597656e-03
1.112501174211502075e-01
-8.209690451622009277e-02
5.071166902780532837e-02
4.254297167062759399e-02
-3.631609678268432617e-02
2.494541555643081665e-02
-1.247605085372924805e-01
1.478926241397857666e-01
5.973154306411743164e-02
-1.490933895111083984e-01
-2.376711368560791016e-02
1.021248772740364075e-01
-1.570469141006469727e-01
-9.628973901271820068e-02
-4.925394430756568909e-03
-1.112039685249328613e-01
-1.806907951831817627e-01
-2.477894127368927002e-01
5.941720306873321533e-02
2.974817156791687012e-01
2.519873082637786865e-01
-7.723102718591690063e-02
-4.832189530134201050e-02
-7.193788886070251465e-02
-7.321175187826156616e-03
5.743994563817977905e-02
5.381743609905242920e-02
-1.627421677112579346e-01
-3.929004073143005371e-03
-6.920503079891204834e-02
7.257102429866790771e-02
1.568098366260528564e-01
-3.064392507076263428e-02
-7.459406554698944092e-02
2.152732610702514648e-01
-1.788645423948764801e-02
-4.783292114734649658e-02
1.674271747469902039e-02
4.088431596755981445e-02
-1.725051403045654297e-01
3.672129288315773010e-02
-6.781703233718872070e-02
-5.157597362995147705e-03
1.283918023109436035e-01
-1.478718817234039307e-01
4.996979236602783203e-02
1.799080073833465576e-01
-1.765087693929672241e-01
1.686745285987854004e-01
-5.091037601232528687e-02
-9.332124143838882446e-03
3.188507258892059326e-02
2.486899495124816895e-03
-1.280271261930465698e-01
-2.267633378505706787e-02
1.586549729108810425e-01
-1.480440944433212280e-01
4.176128655672073364e-02
2.427334487438201904e-01
1.231622546911239624e-01
1.316541135311126709e-01
1.604739427566528320e-01
1.470023393630981445e-02
-1.811775565147399902e-02
-1.404303312301635742e-02
-1.388199627399444580e-01
-2.984404563903808594e-02
4.228997603058815002e-02
3.077758848667144775e-02
2.683599293231964111e-02
2.268517017364501953e-02
