-1.259462386369705200e-01
6.659151613712310791e-02
4.439805075526237488e-02
-9.601553529500961304e-02
-6.926896423101425171e-02
2.047125250101089478e-02
-5.838229507207870483e-02
-4.739080369472503662e-02
1.545470356941223145e-01
-1.716382503509521484e-01
1.665459424257278442e-01
-6.028619408607482910e-02
-2.128153145313262939e-01
1.402686908841133118e-02
-4.497769474983215332e-02
2.091584801673889160e-01
-7.400397956371307373e-02
-1.947579085826873779e-01
-6.973949074745178223e-02
-9.071703255176544189e-02
3.260025009512901306e-02
-7.172863930463790894e-03
-6.388188153505325317e-02
1.408648490905761719e-01
-1.178980544209480286e-01
-3.226862549781799316e-01
-2.084831148386001587e-02
-4.125543311238288879e-02
-4.896067082881927490e-02
-1.241107434034347534e-01
3.130865097045898438e-02
3.506564348936080933e-02
-1.953894644975662231e-01
6.431168317794799805e-02
1.422666758298873901e-02
1.089737340807914734e-01
-3.554485738277435303e-03
-3.937046229839324951e-02
2.067636698484420776e-01
5.332589149475097656e-02
-2.882263362407684326e-01
5.611692368984222412e-02
1.024772822856903076e-01
2.689302861690521240e-01
1.929823160171508789e-01
1.542076468467712402e-03
-7.591225206851959229e-03
-7.385002076625823975e-02
1.673691570758819580e-01
-3.160227239131927490e-01
-1.610621437430381775e-02
1.383257061243057251e-01
5.418385565280914307e-02
1.775058358907699585e-02
1.070284768939018250e-01
-8.641071617603302002e-02
-3.345036506652832031e-02
9.307627379894256592e-02
-1.737243086099624634e-01
4.702463001012802124e-02
-1.865043491125106812e-02
-3.426757827401161194e-02
-6.862557679414749146e-02
-1.395958662033081055e-01
2.109923213720321655e-01
1.079160571098327637e-01
-1.754610091447830200e-01
-1.162201166152954102e-01
2.005091160535812378e-01
-1.940063238143920898e-01
-5.641435459256172180e-02
1.700328439474105835e-01
-3.857575356960296631e-02
-2.060120850801467896e-01
-2.449296563863754272e-01
3.741070628166198730e-02
4.145744740962982178e-01
2.004926055669784546e-01
-1.808328628540039062e-01
8.265982568264007568e-02
-2.113164775073528290e-02
-4.338626563549041748e-02
1.611524820327758789e-02
1.437801420688629150e-01
-1.206028088927268982e-02
6.482637673616409302e-02
-6.641441956162452698e-03
3.897705674171447754e-02
2.491357326507568359e-01
6.013941764831542969e-02
-2.714905887842178345e-03
2.514512538909912109e-01
1.635848730802536011e-02
3.111014515161514282e-02
-1.693786680698394775e-02
1.108810454607009888e-01
-1.267233788967132568e-01
-1.149312406778335571e-01
-2.097888737916946411e-01
-1.397079527378082275e-01
-2.182590961456298828e-02
3.273289650678634644e-02
6.252422928810119629e-03
9.270533174276351929e-02
-2.263709008693695068e-01
2.101250439882278442e-01
-4.817761480808258057e-02
-4.824860394001007080e-02
-5.253612995147705078e-02
1.517333388328552246e-01
-1.783894747495651245e-02
2.504332363605499268e-02
8.906289190053939819e-02
-2.555857598781585693e-01
9.593106806278228760e-02
1.421070694923400879e-01
3.708209097385406494e-02
6.672178953886032104e-02
9.312315285205841064e-02
7.402896881103515625e-04
2.575422823429107666e-02
-8.263380825519561768e-02
-1.373382061719894409e-01
-1.344821304082870483e-01
2.726984769105911255e-02
-5.980841815471649170e-02
8.744503557682037354e-02
-7.509179413318634033e-03
