-1.707035899162292480e-01
2.245037257671356201e-02
4.593079537153244019e-02
-6.823131442070007324e-02
-3.231921046972274780e-02
-9.961850941181182861e-03
-2.270700782537460327e-02
-1.004045531153678894e-01
1.414591372013092041e-01
-1.450042128562927246e-01
1.646385490894317627e-01
-4.726899042725563049e-02
-2.052225470542907715e-01
1.504749059677124023e-02
-8.340962231159210205e-02
1.790865063667297363e-01
-1.015318781137466431e-01
-1.586553752422332764e-01
-8.728219568729400635e-02
-6.546566635370254517e-02
4.221894219517707825e-02
1.392891630530357361e-02
-3.651354089379310608e-02
1.359792500734329224e-01
-1.785610169172286987e-01
-3.124115765094757080e-01
-4.405262321233749390e-02
-6.050183251500129700e-02
-9.452489018440246582e-02
-8.813886344432830811e-02
2.563199587166309357e-02
5.209074169397354126e-02
-2.380387634038925171e-01
2.798172831535339355e-02
3.292409330606460571e-02
1.638900786638259888e-01
3.904385119676589966e-02
-1.518969237804412842e-02
1.721237301826477051e-01
3.783298283815383911e-02
-2.318859994411468506e-01
-1.073724031448364258e-02
1.630968451499938965e-01
2.678198814392089844e-01
1.983055174350738525e-01
1.557571068406105042e-02
-2.620349451899528503e-02
-5.034786462783813477e-02
1.395381242036819458e-01
-3.471705913543701172e-01
-2.247637137770652771e-02
9.542900323867797852e-02
1.410536933690309525e-02
6.247057020664215088e-02
1.193147823214530945e-01
-9.585620462894439697e-02
1.489269733428955078e-02
4.846696555614471436e-02
-1.379602551460266113e-01
6.869783997535705566e-02
-7.281631231307983398e-03
-8.539409935474395752e-02
-7.449176162481307983e-02
-9.405837208032608032e-02
1.942112147808074951e-01
7.892236858606338501e-02
-1.547148674726486206e-01
-7.327093183994293213e-02
1.860238164663314819e-01
-2.135180234909057617e-01
-4.695902764797210693e-02
1.106446012854576111e-01
-3.933134302496910095e-02
-2.065230458974838257e-01
-3.084273040294647217e-01
5.833581089973449707e-03
4.286946952342987061e-01
2.262809872627258301e-01
-1.793144345283508301e-01
1.093411073088645935e-01
-2.679782174527645111e-02
-1.784101128578186035e-02
4.498300701379776001e-02
1.227417364716529846e-01
2.886654064059257507e-02
1.177389025688171387e-01
-4.399157688021659851e-02
9.342788159847259521e-02
2.444964796304702759e-01
6.578954309225082397e-02
1.841616444289684296e-02
2.578436732292175293e-01
-2.497309073805809021e-02
9.496897459030151367e-03
3.091560304164886475e-02
1.268507242202758789e-01
-1.320621967315673828e-01
-1.154570430517196655e-01
-2.057288885116577148e-01
-8.770184963941574097e-02
4.466056823730468750e-02
3.840721771121025085e-02
4.154595732688903809e-02
9.867192804813385010e-02
-2.109546363353729248e-01
1.765441298484802246e-01
-6.328387558460235596e-02
-6.476617604494094849e-02
-2.399273961782455444e-02
9.367476403713226318e-02
-4.486101493239402771e-02
2.730600535869598389e-02
9.588306397199630737e-02
-2.361376285552978516e-01
1.167968884110450745e-01
1.414164453744888306e-01
-4.943133145570755005e-02
9.450974315404891968e-02
5.654619261622428894e-02
3.228180110454559326e-02
-7.777795195579528809e-03
-2.317678928375244141e-02
-1.205628961324691772e-01
-1.524358987808227539e-01
-8.007399737834930420e-04
-6.233690679073333740e-02
1.013704389333724976e-01
-1.328360289335250854e-02
