-1.732047647237777710e-01
3.708646446466445923e-02
3.626529872417449951e-02
-7.974413782358169556e-02
-1.059582829475402832e-02
-1.074350625276565552e-01
2.423087134957313538e-03
-3.643719479441642761e-02
1.384543180465698242e-01
-2.141428366303443909e-02
2.501074373722076416e-01
-5.864186957478523254e-02
-2.063792347908020020e-01
-1.100702956318855286e-01
-4.728318005800247192e-02
1.139781624078750610e-01
-6.620137393474578857e-02
-1.395017504692077637e-01
-5.247078090906143188e-02
-1.506114453077316284e-01
7.233278453350067139e-02
-4.282912984490394592e-02
-6.659857928752899170e-02
9.599684178829193115e-02
-1.651651710271835327e-01
-2.762483954429626465e-01
-1.001670211553573608e-01
-9.176702797412872314e-02
2.908220514655113220e-02
-7.270228862762451172e-02
-1.980706304311752319e-02
8.587364852428436279e-02
-1.185829564929008484e-01
-6.532832980155944824e-02
6.670429557561874390e-02
6.823034584522247314e-02
3.241556137800216675e-02
-5.352547019720077515e-02
1.793066263198852539e-01
1.013832446187734604e-02
-6.955459713935852051e-02
5.708380043506622314e-02
9.957777708768844604e-02
3.119701445102691650e-01
1.941103339195251465e-01
7.046654075384140015e-02
9.028413146734237671e-02
-2.559629082679748535e-02
1.336035728454589844e-01
-2.480385154485702515e-01
6.112416088581085205e-02
1.229515969753265381e-01
9.693176299333572388e-02
3.616841882467269897e-02
1.499250680208206177e-01
-2.218306064605712891e-01
-3.678461909294128418e-02
1.620692312717437744e-01
-1.646214872598648071e-01
1.238151788711547852e-01
-1.174490153789520264e-02
-4.984248429536819458e-03
-6.588666886091232300e-02
-9.622769057750701904e-02
2.111304998397827148e-01
1.420401185750961304e-01
-1.868067234754562378e-01
-1.017405167222023010e-01
1.706514954566955566e-01
-1.338936090469360352e-01
2.986706420779228210e-02
7.264712452888488770e-02
-1.427151262760162354e-01
-1.463137269020080566e-01
-1.962473243474960327e-01
1.523986458778381348e-01
4.354833960533142090e-01
1.516923755407333374e-01
-1.500803530216217041e-01
5.601906031370162964e-02
-5.999136716127395630e-02
1.932970806956291199e-02
6.583473086357116699e-02
-8.677884936332702637e-03
-1.230788007378578186e-01
-7.709284871816635132e-02
-9.034144878387451172e-02
-2.300794422626495361e-02
1.735867857933044434e-01
1.034686937928199768e-01
-2.295473776757717133e-02
1.627849191427230835e-01
-3.606099635362625122e-02
3.210505098104476929e-02
-9.586877189576625824e-03
3.157111257314682007e-02
-1.556354165077209473e-01
-5.276132375001907349e-03
-3.255132585763931274e-02
1.446336507797241211e-03
9.511187672615051270e-04
-1.245419681072235107e-01
3.441803157329559326e-02
8.715739101171493530e-02
-1.587466746568679810e-01
7.275592535734176636e-02
-4.812311381101608276e-02
5.182933062314987183e-02
-9.341990947723388672e-02
1.076804250478744507e-01
-6.409579515457153320e-02
4.256153106689453125e-02
5.254522711038589478e-02
-2.881233692169189453e-01
1.681689172983169556e-01
1.494037508964538574e-01
4.391746222972869873e-02
1.288173198699951172e-01
7.817250490188598633e-02
2.469958364963531494e-02
6.146508455276489258e-02
1.231614500284194946e-02
-7.731913030147552490e-02
-5.849169194698333740e-02
-1.503095030784606934e-03
-4.563090577721595764e-02
6.172373890876770020e-02
2.464931458234786987e-02
