-9.464254975318908691e-02
1.328350603580474854e-01
5.075298249721527100e-02
-7.967764139175415039e-02
-6.659579277038574219e-02
2.698011696338653564e-02
-3.275526687502861023e-02
-5.075134336948394775e-02
1.191266104578971863e-01
-3.309100866317749023e-02
2.026829868555068970e-01
-6.242899224162101746e-02
-2.520003914833068848e-01
-7.872198522090911865e-02
2.427224814891815186e-02
1.317165195941925049e-01
-1.058788597583770752e-01
-1.687389910221099854e-01
-6.426662206649780273e-02
-5.612395703792572021e-02
-5.079319700598716736e-03
8.881197869777679443e-02
4.260328039526939392e-02
8.288594335317611694e-02
-1.361093819141387939e-01
-4.444658160209655762e-01
-9.446891397237777710e-02
-1.303258687257766724e-01
-4.093468934297561646e-02
-1.297175884246826172e-01
-6.493699550628662109e-02
1.153641492128372192e-01
-1.223730221390724182e-01
-2.514573186635971069e-02
8.562426269054412842e-02
1.605775803327560425e-01
-6.556438654661178589e-02
-1.353352218866348267e-01
1.918848901987075806e-01
7.634950429201126099e-02
-1.049298048019409180e-01
1.306934654712677002e-02
6.003804504871368408e-02
3.602134287357330322e-01
1.452096402645111084e-01
-4.751063138246536255e-02
8.431372046470642090e-02
-1.639798283576965332e-02
1.356179267168045044e-01
-2.053375542163848877e-01
1.106489300727844238e-01
1.411894708871841431e-01
1.254364252090454102e-01
5.845919251441955566e-02
1.433597952127456665e-01
-1.000170335173606873e-01
2.029335498809814453e-02
1.005160957574844360e-01
-2.026446461677551270e-01
2.279381453990936279e-02
4.545965790748596191e-02
2.596758306026458740e-03
-7.979018986225128174e-02
-1.121385172009468079e-01
1.915120184421539307e-01
1.458082795143127441e-01
-1.012081056833267212e-01
-1.086515188217163086e-01
1.356793940067291260e-01
-8.438013494014739990e-02
-5.138926953077316284e-02
4.284827038645744324e-02
-1.912122964859008789e-01
-1.500327438116073608e-01
-1.838309019804000854e-01
9.231220185756683350e-02
3.696887791156768799e-01
1.271915882825851440e-01
-1.735644042491912842e-01
1.639424636960029602e-02
-2.614156901836395264e-02
-4.799877852201461792e-02
-1.741862297058105469e-02
2.458168566226959229e-02
-1.595652997493743896e-01
6.496012210845947266e-02
-9.043283015489578247e-02
1.249372512102127075e-01
2.035191804170608521e-01
3.766365349292755127e-02
-5.403848737478256226e-02
1.882934570312500000e-01
-4.549646750092506409e-03
1.218710839748382568e-02
1.223978102207183838e-01
-2.530440688133239746e-03
-6.305294483900070190e-02
-3.950469195842742920e-02
-1.752203255891799927e-01
-2.236834168434143066e-02
4.494724422693252563e-02
-1.741023957729339600e-01
-6.901796162128448486e-02
9.579724073410034180e-02
-2.311809808015823364e-01
1.173270419239997864e-01
1.409609615802764893e-02
-5.528030544519424438e-02
-2.806644141674041748e-02
1.989781856536865234e-02
-1.694371849298477173e-01
3.663375973701477051e-03
1.669155657291412354e-01
-2.660724222660064697e-01
9.128051996231079102e-02
1.339448243379592896e-01
6.915651261806488037e-02
1.226509883999824524e-01
4.672114551067352295e-02
2.065628021955490112e-02
-1.103655993938446045e-02
-6.909961998462677002e-02
-1.501966565847396851e-01
-9.235494583845138550e-02
1.256931722164154053e-01
7.703036069869995117e-02
1.506353914737701416e-02
1.931596547365188599e-02
