[-0.12594624  0.06659152  0.04439805 -0.09601554 -0.06926896  0.02047125
 -0.0583823  -0.0473908   0.15454704 -0.17163825  0.16654594 -0.06028619
 -0.21281531  0.01402687 -0.04497769  0.20915848 -0.07400398 -0.19475791
 -0.06973949 -0.09071703  0.03260025 -0.00717286 -0.06388188  0.14086485
 -0.11789805 -0.32268625 -0.02084831 -0.04125543 -0.04896067 -0.12411074
  0.03130865  0.03506564 -0.19538946  0.06431168  0.01422667  0.10897373
 -0.00355449 -0.03937046  0.20676367  0.05332589 -0.28822634  0.05611692
  0.10247728  0.26893029  0.19298232  0.00154208 -0.00759123 -0.07385002
  0.16736916 -0.31602272 -0.01610621  0.13832571  0.05418386  0.01775058
  0.10702848 -0.08641072 -0.03345037  0.09307627 -0.17372431  0.04702463
 -0.01865043 -0.03426758 -0.06862558 -0.13959587  0.21099232  0.10791606
 -0.17546101 -0.11622012  0.20050912 -0.19400632 -0.05641435  0.17003284
 -0.03857575 -0.20601209 -0.24492966  0.03741071  0.41457447  0.20049261
 -0.18083286  0.08265983 -0.02113165 -0.04338627  0.01611525  0.14378014
 -0.01206028  0.06482638 -0.00664144  0.03897706  0.24913573  0.06013942
 -0.00271491  0.25145125  0.01635849  0.03111015 -0.01693787  0.11088105
 -0.12672338 -0.11493124 -0.20978887 -0.13970795 -0.02182591  0.0327329
  0.00625242  0.09270533 -0.2263709   0.21012504 -0.04817761 -0.0482486
 -0.05253613  0.15173334 -0.01783895  0.02504332  0.08906289 -0.25558576
  0.09593107  0.14210707  0.03708209  0.06672179  0.09312315  0.00074029
  0.02575423 -0.08263381 -0.13733821 -0.13448213  0.02726985 -0.05980842
  0.08744504 -0.00750918]