-1.487163156270980835e-01
9.861533343791961670e-02
6.836901605129241943e-02
-7.426674664020538330e-02
-9.911736845970153809e-02
3.050779178738594055e-02
-4.624723643064498901e-02
-8.311610668897628784e-02
2.532269358634948730e-01
-1.358662694692611694e-01
2.230124920606613159e-01
2.630758658051490784e-02
-1.581408381462097168e-01
-7.467004656791687012e-02
7.579624652862548828e-03
9.710620343685150146e-02
-8.628905564546585083e-02
-1.892159432172775269e-01
-6.082814931869506836e-02
-6.478275358676910400e-02
-3.618145361542701721e-03
-2.468821033835411072e-02
-5.113378912210464478e-02
5.802755802869796753e-02
-1.696701496839523315e-01
-3.473454713821411133e-01
-7.512012124061584473e-02
-8.520698547363281250e-02
9.131488204002380371e-02
-1.130511462688446045e-01
-9.612024575471878052e-02
-2.502965182065963745e-02
-2.035406529903411865e-01
-1.048634275794029236e-01
-1.587510108947753906e-03
1.832209974527359009e-01
-1.045087575912475586e-01
-1.325193345546722412e-01
1.645925194025039673e-01
3.301165997982025146e-04
-1.689347028732299805e-01
1.489180326461791992e-02
4.981209337711334229e-02
2.656610310077667236e-01
2.180253267288208008e-01
-1.260720193386077881e-03
9.085152298212051392e-02
-8.132632076740264893e-02
1.958951205015182495e-01
-2.752815485000610352e-01
8.707911521196365356e-02
1.151763051748275757e-01
1.646593213081359863e-01
4.897668212652206421e-02
1.537000387907028198e-01
-8.739730715751647949e-02
-1.147088408470153809e-02
1.979527324438095093e-01
-2.083887904882431030e-01
1.502067148685455322e-01
1.093086376786231995e-01
-4.398496448993682861e-02
-5.862521380186080933e-02
-8.283491432666778564e-02
1.743148565292358398e-01
1.243403553962707520e-01
-9.628212451934814453e-02
-1.368647068738937378e-01
2.104381918907165527e-01
-1.554070711135864258e-01
-4.949287325143814087e-02
1.141296774148941040e-01
-5.475361272692680359e-02
-2.606185078620910645e-01
-2.475904524326324463e-01
1.287870854139328003e-01
4.565851092338562012e-01
2.830073237419128418e-01
-7.084561884403228760e-02
5.802677571773529053e-02
-6.087084114551544189e-02
-4.413456469774246216e-02
3.054921329021453857e-02
4.182800650596618652e-02
-5.462832003831863403e-02
-3.720276057720184326e-02
-8.842164278030395508e-02
8.643282949924468994e-02
2.685025334358215332e-01
7.935162633657455444e-02
2.270007506012916565e-02
1.883027255535125732e-01
5.965106189250946045e-03
9.839877486228942871e-03
-5.390759557485580444e-02
6.200865656137466431e-02
-1.268713772296905518e-01
4.517199844121932983e-02
-1.081110015511512756e-01
-1.878152787685394287e-02
5.245590209960937500e-02
-4.476417601108551025e-02
6.933812797069549561e-02
8.812358975410461426e-02
-1.954247951507568359e-01
1.300981938838958740e-01
-3.942692279815673828e-02
-4.833385348320007324e-03
2.494356781244277954e-02
-8.551612496376037598e-03
-9.827195852994918823e-02
1.740486919879913330e-02
1.241717487573623657e-01
-3.180243968963623047e-01
1.351975351572036743e-01
1.574408411979675293e-01
8.583831787109375000e-02
1.350150555372238159e-01
9.934944659471511841e-02
-7.781073451042175293e-03
1.231474876403808594e-01
-1.022184267640113831e-01
-1.881425827741622925e-01
-9.334765374660491943e-02
-1.132412627339363098e-02
-3.917213529348373413e-02
6.416514515876770020e-02
7.449676841497421265e-02
