-1.162135154008865356e-01
1.261466741561889648e-02
-2.444220148026943207e-02
-3.099019266664981842e-02
-1.123742088675498962e-01
1.847741007804870605e-02
-4.448114335536956787e-02
-4.530484974384307861e-02
1.686702370643615723e-01
-7.254651933908462524e-02
1.544086784124374390e-01
-7.997453212738037109e-04
-1.904920935630798340e-01
-5.202975869178771973e-02
-1.523306220769882202e-02
1.397364586591720581e-01
-1.055554002523422241e-01
-1.324711292982101440e-01
-9.334889799356460571e-02
-7.024885714054107666e-02
5.084735900163650513e-02
8.410000801086425781e-02
-3.558777645230293274e-02
1.345404833555221558e-01
-1.709489673376083374e-01
-3.262587487697601318e-01
-6.926935911178588867e-02
-5.932221934199333191e-02
3.392560780048370361e-02
-1.124286800622940063e-01
-1.138072237372398376e-01
4.991617053747177124e-02
-1.595883220434188843e-01
-7.209503650665283203e-02
1.666954904794692993e-02
1.067727357149124146e-01
-4.548163712024688721e-02
-1.679171174764633179e-01
1.656829714775085449e-01
5.744137614965438843e-02
-2.098673582077026367e-01
-6.502242386341094971e-02
3.477401286363601685e-02
2.811533510684967041e-01
2.332210540771484375e-01
1.726412214338779449e-02
2.671233192086219788e-02
3.875103592872619629e-02
1.589645743370056152e-01
-3.224138319492340088e-01
9.031541645526885986e-02
1.031311154365539551e-01
1.442477405071258545e-01
6.299997866153717041e-02
-2.718850970268249512e-03
-1.328626275062561035e-01
-1.152679324150085449e-02
2.235978543758392334e-01
-2.038660049438476562e-01
2.743623033165931702e-02
1.068116724491119385e-02
-1.501325070858001709e-01
1.004234142601490021e-02
-3.797148913145065308e-02
1.851032227277755737e-01
1.378338336944580078e-01
-1.158314198255538940e-01
-5.682001262903213501e-02
1.391026675701141357e-01
-1.751425266265869141e-01
-3.861046954989433289e-02
6.730481982231140137e-04
-9.487026929855346680e-02
-2.445465326309204102e-01
-3.032495975494384766e-01
1.079880595207214355e-01
3.856159448623657227e-01
2.092079669237136841e-01
-1.291373074054718018e-01
2.540302462875843048e-02
1.423325389623641968e-03
1.751893758773803711e-02
6.850752234458923340e-02
9.678533673286437988e-02
-5.928949266672134399e-02
-3.874960541725158691e-02
-1.029300540685653687e-01
5.961799621582031250e-02
2.420541048049926758e-01
3.265643864870071411e-02
-1.634069532155990601e-02
2.388122677803039551e-01
1.304204761981964111e-02
-3.832913935184478760e-03
4.352264106273651123e-02
1.225488558411598206e-01
-6.314286589622497559e-02
1.766260340809822083e-02
-9.949311614036560059e-03
8.670452982187271118e-02
8.274930715560913086e-02
-3.945202380418777466e-02
5.120754241943359375e-02
1.162290796637535095e-01
-1.657095551490783691e-01
1.864168047904968262e-01
-3.468671441078186035e-02
-8.096918463706970215e-05
2.866293489933013916e-02
-9.861347079277038574e-02
-8.129061758518218994e-02
-3.534843027591705322e-02
1.142978519201278687e-01
-2.131256759166717529e-01
8.343082666397094727e-02
1.501388251781463623e-01
4.410814493894577026e-02
2.396552562713623047e-01
2.554456144571304321e-02
4.369006305932998657e-02
4.309336096048355103e-02
-8.318969607353210449e-02
-2.102728486061096191e-01
-6.665594130754470825e-02
1.336505711078643799e-01
-4.460429400205612183e-02
7.025447487831115723e-02
6.448441743850708008e-02
