-8.202753961086273193e-02
2.600685507059097290e-02
3.309800475835800171e-02
-8.406060189008712769e-02
-9.283477067947387695e-02
-3.213290125131607056e-02
-4.208263754844665527e-02
-5.426780134439468384e-02
1.749072372913360596e-01
-6.721372157335281372e-02
1.699179857969284058e-01
3.606683015823364258e-02
-2.173879593610763550e-01
-9.411919862031936646e-02
9.059047698974609375e-02
1.076407283544540405e-01
-2.094459831714630127e-01
-1.365337371826171875e-01
-6.362499296665191650e-02
-5.633294582366943359e-02
4.942092299461364746e-02
1.604152843356132507e-02
-3.274007514119148254e-02
1.135511025786399841e-01
-2.564108371734619141e-01
-3.167291879653930664e-01
-1.504442840814590454e-01
-5.222176015377044678e-02
9.512644261121749878e-03
-6.400915980339050293e-02
1.652382872998714447e-02
1.138457432389259338e-01
-1.404705941677093506e-01
-3.340281546115875244e-03
5.389347299933433533e-02
1.725057959556579590e-01
-1.847901195287704468e-02
-6.924162805080413818e-02
1.628192365169525146e-01
4.015793651342391968e-02
-1.937026083469390869e-01
3.298027813434600830e-02
1.350996643304824829e-02
2.301606088876724243e-01
2.081228494644165039e-01
4.363343119621276855e-02
3.332880884408950806e-02
-3.542482852935791016e-03
1.659610420465469360e-01
-3.034983873367309570e-01
5.484199151396751404e-02
2.407379448413848877e-01
1.613105647265911102e-02
2.930329740047454834e-02
8.248992264270782471e-02
-1.103022247552871704e-01
4.185280203819274902e-02
1.774795055389404297e-01
-3.084082901477813721e-01
5.891143903136253357e-02
3.949188441038131714e-02
-1.853064447641372681e-01
-3.449834138154983521e-02
-4.838865995407104492e-02
6.052021682262420654e-02
1.333245784044265747e-01
-1.564346253871917725e-01
-1.437508165836334229e-01
1.343902647495269775e-01
-2.520869076251983643e-01
-5.233036726713180542e-02
7.214070111513137817e-02
-1.221346110105514526e-01
-2.261926382780075073e-01
-3.757559359073638916e-01
4.175923764705657959e-02
4.174723625183105469e-01
1.935206651687622070e-01
-1.396049410104751587e-01
5.921420454978942871e-02
1.194170955568552017e-02
-5.895308032631874084e-02
6.620167940855026245e-02
1.273362040519714355e-01
-5.482060089707374573e-02
-4.312918335199356079e-02
-1.393669843673706055e-01
8.595950901508331299e-02
1.672356873750686646e-01
6.542235612869262695e-02
6.674399226903915405e-02
3.053390979766845703e-01
3.710714355111122131e-02
7.380494475364685059e-02
1.835709065198898315e-02
1.013598889112472534e-01
-8.972878009080886841e-02
-6.781376898288726807e-02
-4.781316220760345459e-02
5.968043208122253418e-02
2.567515522241592407e-02
-5.912453681230545044e-02
1.282854378223419189e-02
1.029255911707878113e-01
-1.174768358469009399e-01
1.899205297231674194e-01
-2.747307717800140381e-02
-2.157856523990631104e-02
-6.986874341964721680e-02
-4.191344976425170898e-02
-1.136705204844474792e-01
-5.249059200286865234e-02
1.448525786399841309e-01
-2.825053334236145020e-01
6.906779110431671143e-02
2.062322646379470825e-01
-3.093260899186134338e-02
1.212335526943206787e-01
3.798604756593704224e-02
7.213242352008819580e-02
-4.786897450685501099e-02
-9.780329465866088867e-02
-1.838456392288208008e-01
-5.565644428133964539e-02
-9.341616183519363403e-03
-7.868987321853637695e-02
1.972597837448120117e-02
7.152810692787170410e-03
