-1.010997891426086426e-01
9.283301234245300293e-02
2.808148786425590515e-02
-2.383282594382762909e-02
-8.757349103689193726e-02
5.984404310584068298e-02
-8.573971688747406006e-02
9.297769516706466675e-03
1.224538460373878479e-01
-1.442921757698059082e-01
2.524414360523223877e-01
-1.376901939511299133e-02
-2.621260285377502441e-01
-6.028256565332412720e-02
3.046227991580963135e-02
8.458174020051956177e-02
-1.309702247381210327e-01
-1.342813521623611450e-01
-2.954257838428020477e-02
-1.083888486027717590e-01
8.217373490333557129e-02
1.025392189621925354e-01
-2.121567353606224060e-02
6.211285293102264404e-02
-1.828386485576629639e-01
-3.435160219669342041e-01
-7.526518404483795166e-02
-9.472720324993133545e-03
2.545294351875782013e-02
-1.585948765277862549e-01
2.462327852845191956e-02
1.115274280309677124e-01
-9.309403598308563232e-02
5.135651305317878723e-02
7.156821340322494507e-02
1.563794910907745361e-01
-8.061073720455169678e-02
-9.878005087375640869e-02
2.369476109743118286e-01
7.357033342123031616e-02
-1.146587058901786804e-01
-8.816599845886230469e-03
3.080590814352035522e-02
3.294477164745330811e-01
1.174454241991043091e-01
3.113657236099243164e-03
3.769831731915473938e-02
-7.562038302421569824e-02
1.128494739532470703e-01
-2.132599502801895142e-01
3.593648970127105713e-02
2.847458124160766602e-01
9.730818867683410645e-02
6.190174818038940430e-02
6.109091639518737793e-02
-1.505043357610702515e-01
2.911052107810974121e-02
1.279528439044952393e-01
-1.148552745580673218e-01
6.079885363578796387e-02
3.776177391409873962e-02
-1.328980624675750732e-01
-4.290860146284103394e-02
-5.711001157760620117e-02
1.503293216228485107e-01
5.155108496546745300e-02
-1.238915622234344482e-01
-1.956944912672042847e-01
1.149761900305747986e-01
-1.236578300595283508e-01
-1.169805899262428284e-01
1.677112728357315063e-01
-1.536904275417327881e-01
-2.056742310523986816e-01
-1.833779066801071167e-01
5.445389449596405029e-02
4.029209315776824951e-01
1.298549026250839233e-01
-1.531327366828918457e-01
7.056362181901931763e-02
-9.428547695279121399e-03
-6.802944839000701904e-02
8.136170357465744019e-02
1.568081825971603394e-01
-9.759145230054855347e-02
-8.233493566513061523e-02
-1.203785240650177002e-01
9.017015993595123291e-02
2.213443368673324585e-01
4.059372097253799438e-02
-6.790339201688766479e-02
1.720704883337020874e-01
6.727249920368194580e-02
7.340777665376663208e-02
7.965269684791564941e-02
-8.745297789573669434e-03
-8.427166938781738281e-02
-1.847462356090545654e-02
-6.754740327596664429e-02
-5.012245476245880127e-02
3.304854035377502441e-02
-1.400423347949981689e-01
-4.951829463243484497e-02
8.924556523561477661e-02
-1.589298099279403687e-01
2.069728970527648926e-01
1.192726194858551025e-02
-1.679607108235359192e-02
3.131588548421859741e-02
1.947064697742462158e-02
-1.484979838132858276e-01
1.542665064334869385e-02
1.486739069223403931e-01
-3.206253945827484131e-01
1.149745881557464600e-01
1.571370959281921387e-01
1.042770594358444214e-01
1.718038022518157959e-01
1.493557840585708618e-01
1.287620961666107178e-01
9.152695536613464355e-03
-5.461874604225158691e-02
-1.774327903985977173e-01
-8.766703307628631592e-02
-1.002711802721023560e-02
1.418222486972808838e-02
3.479535877704620361e-02
-4.879798740148544312e-02
