-1.056750267744064331e-01
6.772145628929138184e-03
8.088100701570510864e-03
-5.710142850875854492e-02
-4.701313376426696777e-02
-9.287498146295547485e-02
-2.170707657933235168e-02
-8.859316259622573853e-02
1.747828274965286255e-01
-1.279013454914093018e-01
2.186022400856018066e-01
-3.115235269069671631e-02
-1.192156821489334106e-01
-1.106549277901649475e-01
-5.807460844516754150e-02
9.596341103315353394e-02
-1.737899780273437500e-01
-1.371813565492630005e-01
1.808429881930351257e-02
-1.196629479527473450e-01
8.524404466152191162e-02
-5.170568823814392090e-03
-4.032438993453979492e-02
1.223232895135879517e-01
-1.752705127000808716e-01
-3.270965814590454102e-01
-1.305861324071884155e-01
-7.600804418325424194e-02
5.816127359867095947e-02
-6.009384989738464355e-03
-3.589135408401489258e-02
8.890542387962341309e-02
-1.919131577014923096e-01
-8.881707489490509033e-02
1.536718010902404785e-02
1.193778961896896362e-01
2.116878330707550049e-02
-4.815607890486717224e-02
1.705578565597534180e-01
-4.572891630232334137e-03
-1.479356288909912109e-01
-9.001731872558593750e-03
5.008319765329360962e-02
2.636677026748657227e-01
1.828567981719970703e-01
5.293209105730056763e-02
1.361893396824598312e-02
-2.635517716407775879e-02
1.856804937124252319e-01
-2.184604704380035400e-01
5.867689102888107300e-02
1.404444128274917603e-01
1.134883165359497070e-01
4.491167515516281128e-02
1.363375037908554077e-02
-1.456637978553771973e-01
2.875089645385742188e-03
1.797896027565002441e-01
-2.449526190757751465e-01
4.732472449541091919e-02
-1.556990295648574829e-02
-1.032004281878471375e-01
2.684867940843105316e-02
-4.749457538127899170e-02
1.125687062740325928e-01
1.208895444869995117e-01
-8.519128710031509399e-02
-1.071201190352439880e-01
2.352797389030456543e-01
-2.169941961765289307e-01
1.281653717160224915e-02
4.318384826183319092e-02
-7.706467807292938232e-02
-2.362143397331237793e-01
-2.665344476699829102e-01
6.285922229290008545e-02
4.087625741958618164e-01
2.123457044363021851e-01
-6.384825706481933594e-02
7.371921837329864502e-02
-2.448140271008014679e-02
-3.461648523807525635e-02
1.163049861788749695e-01
3.688120841979980469e-02
-5.483907461166381836e-02
9.665265679359436035e-04
-9.696715325117111206e-02
5.626797676086425781e-02
1.981832236051559448e-01
7.178273797035217285e-02
-3.485637158155441284e-02
2.095338106155395508e-01
-3.480120375752449036e-02
9.344737976789474487e-02
5.710075795650482178e-02
7.567168772220611572e-02
-9.879428148269653320e-02
9.419138729572296143e-02
-1.025368943810462952e-01
1.138396635651588440e-01
-2.040847390890121460e-02
-7.880647480487823486e-02
3.291854262351989746e-02
5.769249051809310913e-02
-1.421648859977722168e-01
1.547370851039886475e-01
-1.562283188104629517e-02
1.009789109230041504e-02
-9.590961039066314697e-02
-7.639378309249877930e-04
-1.096903011202812195e-01
1.093456149101257324e-02
1.217300146818161011e-01
-2.433675527572631836e-01
1.598670482635498047e-01
1.584186702966690063e-01
4.329278692603111267e-02
2.662470638751983643e-01
6.820727884769439697e-02
1.139636337757110596e-02
3.310646116733551025e-02
-1.759913265705108643e-01
-2.081967890262603760e-01
-5.281868577003479004e-02
4.467611759901046753e-02
-9.323550760746002197e-02
1.035676151514053345e-01
5.336323752999305725e-02
