-1.004091054201126099e-01
5.504161119461059570e-02
2.781412377953529358e-02
-6.486374139785766602e-02
-6.597922742366790771e-02
-1.460227519273757935e-01
-2.894683182239532471e-02
-4.812881350517272949e-02
4.185903072357177734e-02
-6.797711551189422607e-02
2.138535529375076294e-01
-5.720813944935798645e-02
-3.017932772636413574e-01
-8.578385412693023682e-02
-3.507289290428161621e-02
9.409579634666442871e-02
-1.052655726671218872e-01
-9.406441450119018555e-02
-5.668962746858596802e-02
-4.456143826246261597e-02
1.396127045154571533e-01
3.890275955200195312e-02
3.286773711442947388e-02
1.086363717913627625e-01
-2.550062537193298340e-02
-3.305657505989074707e-01
-1.108651235699653625e-01
-4.166661947965621948e-02
2.837856300175189972e-02
-7.661382853984832764e-02
3.438114374876022339e-02
1.083094030618667603e-01
-4.320776462554931641e-02
8.248090744018554688e-03
5.927795171737670898e-02
5.140597373247146606e-02
-5.568829178810119629e-02
-1.065998524427413940e-01
2.525487244129180908e-01
3.993741422891616821e-02
-9.182765334844589233e-02
-1.907360553741455078e-02
-1.517163589596748352e-02
3.362250924110412598e-01
1.076448559761047363e-01
-1.494066789746284485e-03
8.779857307672500610e-02
-3.491097688674926758e-02
1.352061629295349121e-01
-2.415205836296081543e-01
2.973384410142898560e-02
1.862846761941909790e-01
1.369593888521194458e-01
3.271726518869400024e-02
1.458962857723236084e-01
-1.660825461149215698e-01
7.143390178680419922e-02
1.878049671649932861e-01
-2.455773949623107910e-01
9.664179384708404541e-02
-5.836930125951766968e-03
-8.681505918502807617e-02
-2.794725820422172546e-03
-1.097808405756950378e-01
1.808446496725082397e-01
8.734801411628723145e-02
-1.541078090667724609e-01
-1.130608096718788147e-01
1.497490704059600830e-01
-1.524227559566497803e-01
-4.107911512255668640e-02
8.667998015880584717e-02
-1.681194603443145752e-01
-1.727061271667480469e-01
-1.848963946104049683e-01
4.192572832107543945e-02
3.082364201545715332e-01
2.070004194974899292e-01
-1.508701145648956299e-01
4.746776074171066284e-03
-2.099122852087020874e-02
-2.323822304606437683e-02
6.322990357875823975e-02
3.351809084415435791e-02
-1.677464246749877930e-01
-1.848486065864562988e-02
-1.558692604303359985e-01
1.622109115123748779e-02
1.069499254226684570e-01
1.761528104543685913e-02
-8.079965412616729736e-02
2.577072381973266602e-01
4.853453859686851501e-02
7.493560016155242920e-02
5.760793387889862061e-02
-7.883138954639434814e-02
-9.418005496263504028e-02
-3.397025167942047119e-02
-9.490844607353210449e-02
2.468610554933547974e-02
-1.265496760606765747e-02
-1.932914555072784424e-01
3.595426678657531738e-03
6.735483556985855103e-02
-8.979238569736480713e-02
7.893679291009902954e-02
-4.837270081043243408e-02
2.848912589251995087e-02
-1.080502867698669434e-01
2.911148965358734131e-02
-1.916327327489852905e-01
-2.332597970962524414e-03
8.154723048210144043e-02
-2.381914854049682617e-01
1.460265964269638062e-01
1.637890040874481201e-01
1.450404971837997437e-01
1.060723438858985901e-01
7.308197021484375000e-02
6.706818938255310059e-03
4.571527242660522461e-04
-9.467130899429321289e-02
-9.508316963911056519e-02
-3.787246346473693848e-02
9.472194314002990723e-02
2.898905426263809204e-02
3.982149064540863037e-02
-1.731809228658676147e-02
