-6.060130149126052856e-02
1.583039760589599609e-03
5.554891377687454224e-02
-9.816316887736320496e-03
-9.609851986169815063e-02
4.840194806456565857e-02
-1.800373941659927368e-02
2.930330298840999603e-02
1.137272119522094727e-01
-9.854870289564132690e-02
1.295010000467300415e-01
-3.519300371408462524e-02
-2.750388681888580322e-01
1.115994080901145935e-01
-9.103254973888397217e-02
7.900679111480712891e-02
-5.189432203769683838e-02
-2.066231146454811096e-02
-7.975294440984725952e-02
-1.062556952238082886e-01
1.033353805541992188e-01
1.012207865715026855e-01
-4.690584167838096619e-02
1.985570788383483887e-02
-1.528854668140411377e-01
-2.850168347358703613e-01
-8.169382810592651367e-02
-7.196302711963653564e-02
3.373181074857711792e-02
-8.775700628757476807e-02
1.204853877425193787e-03
-2.497068047523498535e-02
-9.317529201507568359e-02
5.491407960653305054e-02
-3.212764859199523926e-03
5.837457999587059021e-02
-1.646184176206588745e-02
-1.019886881113052368e-01
1.950063407421112061e-01
7.570837438106536865e-02
-1.502261161804199219e-01
-1.400639116764068604e-02
3.297679126262664795e-03
2.614791393280029297e-01
9.590381383895874023e-02
3.394592553377151489e-02
2.537499181926250458e-02
-6.345099210739135742e-02
8.719816803932189941e-02
-3.290601074695587158e-01
1.274735480546951294e-01
1.125554591417312622e-01
4.366888478398323059e-02
1.241027638316154480e-01
8.499077707529067993e-02
-1.797664463520050049e-01
-3.634130954742431641e-02
1.390501856803894043e-01
-1.057855635881423950e-01
1.064665764570236206e-01
2.366594970226287842e-02
1.242855936288833618e-02
4.267767071723937988e-04
-1.265445798635482788e-01
1.335221379995346069e-01
8.375909179449081421e-02
-1.758176088333129883e-01
-6.241337954998016357e-02
4.407000541687011719e-02
-2.092474251985549927e-01
-2.478442713618278503e-02
5.597777292132377625e-02
-7.757188379764556885e-02
-1.829700469970703125e-01
-2.806786298751831055e-01
1.214600354433059692e-01
4.012629389762878418e-01
2.419883012771606445e-01
-1.443452090024948120e-01
-7.216094434261322021e-02
-6.743521243333816528e-02
1.860027760267257690e-02
1.531314253807067871e-01
2.855531871318817139e-02
-3.800771757960319519e-02
-2.933476865291595459e-02
-2.678056806325912476e-02
7.682532072067260742e-02
1.936241388320922852e-01
-4.641952365636825562e-02
-6.808526813983917236e-02
2.010621130466461182e-01
-9.511422365903854370e-03
7.309357821941375732e-02
-5.875761806964874268e-02
1.151816099882125854e-01
-1.118212118744850159e-01
-2.888209372758865356e-02
-2.564623206853866577e-02
7.492522895336151123e-02
7.791914790868759155e-02
-7.677908241748809814e-02
3.877358883619308472e-02
1.004115045070648193e-01
-1.999384313821792603e-01
1.670300513505935669e-01
-1.539067924022674561e-02
-7.163080573081970215e-02
4.820367693901062012e-02
4.765482246875762939e-02
-2.127853184938430786e-01
3.420776128768920898e-02
2.122633457183837891e-01
-2.486549615859985352e-01
1.600923836231231689e-01
1.957692205905914307e-01
1.130713336169719696e-02
1.573329567909240723e-01
1.094605401158332825e-01
5.330777168273925781e-02
-3.480494022369384766e-03
-4.875622689723968506e-02
-1.555169224739074707e-01
-7.719941437244415283e-02
2.325058728456497192e-02
1.766091585159301758e-02
-9.901970624923706055e-03
-1.819364726543426514e-03
