-5.946949496865272522e-02
3.761331737041473389e-02
1.105237752199172974e-03
-6.536781787872314453e-02
-4.539693519473075867e-02
-1.348888725042343140e-01
1.115497760474681854e-02
-3.303082287311553955e-02
2.986316010355949402e-02
-4.886379837989807129e-02
2.192268222570419312e-01
-2.742557227611541748e-02
-3.192833960056304932e-01
-6.355869024991989136e-02
-7.841151207685470581e-03
2.658106572926044464e-02
-1.267530471086502075e-01
-9.288382530212402344e-02
-8.888234943151473999e-02
-2.507442422211170197e-02
1.457466781139373779e-01
2.211893536150455475e-02
6.510400772094726562e-02
1.029832363128662109e-01
-8.918291330337524414e-02
-3.007898330688476562e-01
-1.137688308954238892e-01
-5.752250924706459045e-02
4.162780195474624634e-02
-7.931525260210037231e-02
5.271812900900840759e-02
1.370732933282852173e-01
-7.341097295284271240e-02
-2.082113921642303467e-02
5.635105445981025696e-02
5.893247574567794800e-02
1.940533332526683807e-02
-5.384087562561035156e-02
2.560372650623321533e-01
6.219633668661117554e-02
-1.304817646741867065e-01
-2.383720688521862030e-02
3.869118168950080872e-02
3.271830677986145020e-01
1.143348142504692078e-01
2.735308185219764709e-02
5.533286929130554199e-02
5.140639841556549072e-03
1.218062117695808411e-01
-2.492953836917877197e-01
2.817346341907978058e-02
1.745059639215469360e-01
1.799139976501464844e-01
4.324013739824295044e-02
1.356980651617050171e-01
-1.320163607597351074e-01
8.231708407402038574e-02
1.668694317340850830e-01
-2.386617362499237061e-01
1.023036763072013855e-01
7.678387686610221863e-03
-1.092466041445732117e-01
-1.741213537752628326e-02
-1.178107932209968567e-01
1.524820625782012939e-01
1.027948874980211258e-02
-1.622878015041351318e-01
-9.017022699117660522e-02
1.271058171987533569e-01
-1.674796044826507568e-01
-8.121488243341445923e-02
1.605865806341171265e-01
-1.457880735397338867e-01
-1.403871327638626099e-01
-2.080370187759399414e-01
4.092812538146972656e-02
2.912620007991790771e-01
2.025311142206192017e-01
-1.353508234024047852e-01
1.452805195003747940e-02
-3.987136110663414001e-02
-4.574700072407722473e-02
1.427051378414034843e-03
1.773153990507125854e-02
-1.528968513011932373e-01
3.309259191155433655e-02
-1.534178256988525391e-01
1.857899129390716553e-02
1.204397752881050110e-01
2.966903336346149445e-02
-4.693576693534851074e-02
2.669028341770172119e-01
3.775658458471298218e-02
7.497134059667587280e-02
6.665723025798797607e-02
-1.971536502242088318e-02
-1.033611744642257690e-01
-6.865429133176803589e-02
-1.128492876887321472e-01
1.403065677732229233e-02
2.797808870673179626e-02
-2.117788791656494141e-01
-1.656308583915233612e-02
5.864654108881950378e-02
-1.385212987661361694e-01
6.103052198886871338e-02
-7.733543217182159424e-02
-1.590435765683650970e-02
-5.862813815474510193e-02
2.702095918357372284e-02
-1.625644415616989136e-01
-2.672627940773963928e-02
9.565895050764083862e-02
-2.871828973293304443e-01
9.964303672313690186e-02
2.033281028270721436e-01
9.491523355245590210e-02
4.618722200393676758e-02
5.807089060544967651e-02
9.123619645833969116e-03
-2.871208265423774719e-02
-7.147837430238723755e-02
-1.098603531718254089e-01
-1.035690456628799438e-01
1.009449735283851624e-01
-1.549856457859277725e-02
2.587343566119670868e-02
-5.699482560157775879e-02
