-1.386171430349349976e-01
6.603069603443145752e-03
3.792889416217803955e-02
-7.214311510324478149e-02
-1.718815416097640991e-02
5.274072289466857910e-03
3.088249266147613525e-02
-4.323974996805191040e-02
2.153258919715881348e-01
-1.573078334331512451e-01
1.796873509883880615e-01
-5.219277739524841309e-02
-2.642517089843750000e-01
2.917721867561340332e-02
-1.442343741655349731e-02
1.396719962358474731e-01
-1.012260764837265015e-01
-1.407910287380218506e-01
-1.275673210620880127e-01
-1.090446040034294128e-01
9.526396542787551880e-02
1.654480770230293274e-02
-6.269824504852294922e-02
1.201774924993515015e-01
-1.537422239780426025e-01
-3.014914095401763916e-01
-5.207945033907890320e-02
-7.525876164436340332e-02
-9.006342291831970215e-02
-9.069354832172393799e-02
6.074171513319015503e-03
1.012614220380783081e-01
-1.829797923564910889e-01
-2.846833318471908569e-02
1.028392463922500610e-02
9.208127111196517944e-02
3.319407999515533447e-02
3.116168081760406494e-03
1.733167767524719238e-01
4.656685888767242432e-02
-2.368472516536712646e-01
7.092237472534179688e-03
1.397535651922225952e-01
2.577892839908599854e-01
1.842153966426849365e-01
4.945024102926254272e-02
-4.629547148942947388e-02
-3.740778565406799316e-02
1.095644161105155945e-01
-3.217370808124542236e-01
1.742371823638677597e-03
1.497381180524826050e-01
1.079600900411605835e-01
8.935178816318511963e-02
9.901709854602813721e-02
-1.201328188180923462e-01
3.756761550903320312e-03
8.213880658149719238e-02
-1.998989135026931763e-01
9.265894442796707153e-02
2.364999800920486450e-02
-1.371531784534454346e-01
-1.555871311575174332e-02
-3.630986809730529785e-02
1.949347555637359619e-01
1.178591176867485046e-01
-1.468622684478759766e-01
-8.849538862705230713e-02
1.368295997381210327e-01
-2.138223052024841309e-01
-7.318417727947235107e-02
1.054451912641525269e-01
-9.170438349246978760e-02
-2.238270491361618042e-01
-2.710012197494506836e-01
3.544993698596954346e-02
3.908063471317291260e-01
1.937171816825866699e-01
-1.623084247112274170e-01
8.705251663923263550e-02
-6.816446036100387573e-02
-4.521246254444122314e-02
6.582023203372955322e-02
1.242556050419807434e-01
-1.462231203913688660e-02
5.806180834770202637e-02
-2.271125093102455139e-02
6.158027052879333496e-02
2.314953804016113281e-01
5.890972167253494263e-02
-1.085312291979789734e-02
2.890903353691101074e-01
-2.696983516216278076e-03
-1.393822580575942993e-02
1.901160180568695068e-02
8.243013173341751099e-02
-1.004178822040557861e-01
-1.035260632634162903e-01
-1.897304952144622803e-01
-8.181149512529373169e-02
-2.506887912750244141e-02
-7.194441743195056915e-03
2.093808352947235107e-02
4.670722037553787231e-02
-2.285414636135101318e-01
1.401616036891937256e-01
-5.519814789295196533e-02
-5.496437102556228638e-02
-6.353251636028289795e-02
5.849559605121612549e-02
-5.142466723918914795e-02
1.283875107765197754e-02
1.056020632386207581e-01
-2.494290769100189209e-01
1.061552986502647400e-01
1.624863594770431519e-01
1.691912673413753510e-02
1.152672320604324341e-01
4.799636825919151306e-02
2.021312713623046875e-02
3.900367766618728638e-02
-5.182832479476928711e-02
-1.260575950145721436e-01
-9.145232290029525757e-02
7.021620124578475952e-02
-1.597741991281509399e-02
1.014307588338851929e-01
-3.837347030639648438e-03
