-7.918304204940795898e-02
9.423666447401046753e-02
4.942150786519050598e-02
-1.503549143671989441e-02
-1.892279982566833496e-01
3.950218856334686279e-02
5.267933011054992676e-04
9.763484820723533630e-03
1.902864128351211548e-01
-1.077142059803009033e-01
1.340893954038619995e-01
-1.150672510266304016e-02
-2.613210678100585938e-01
5.120825022459030151e-02
-6.866334378719329834e-02
1.639341413974761963e-01
-1.193812862038612366e-01
-1.238749995827674866e-01
-1.594634950160980225e-01
-1.328669041395187378e-01
-1.613181643187999725e-02
1.186643913388252258e-01
-7.438801229000091553e-02
3.514121472835540771e-02
-8.529257029294967651e-02
-3.113883137702941895e-01
-4.761999472975730896e-02
-5.876740068197250366e-02
9.027303755283355713e-02
-1.361939013004302979e-01
-4.151196777820587158e-02
-6.777405738830566406e-03
-9.882518649101257324e-02
-3.488274663686752319e-02
5.740640312433242798e-02
8.304987847805023193e-02
-1.073157638311386108e-01
-1.313815563917160034e-01
2.530914843082427979e-01
6.987126171588897705e-02
-1.371504515409469604e-01
-2.851994335651397705e-02
5.484035611152648926e-02
3.488369584083557129e-01
9.844645112752914429e-02
2.242959663271903992e-02
9.106734767556190491e-03
-2.837356925010681152e-02
1.489643007516860962e-01
-3.282374739646911621e-01
1.698176711797714233e-01
1.747187376022338867e-01
1.236133351922035217e-01
1.089993417263031006e-01
1.273368597030639648e-01
-1.355403065681457520e-01
-1.800149679183959961e-03
1.175470948219299316e-01
-1.762748062610626221e-01
7.424031943082809448e-02
1.156897693872451782e-01
-1.135046184062957764e-01
-1.070455536246299744e-01
-1.245781034231185913e-01
1.715814471244812012e-01
1.259967982769012451e-01
-8.488316833972930908e-02
-9.826387465000152588e-02
1.036829501390457153e-01
-2.048997879028320312e-01
-6.240418553352355957e-02
-4.844368249177932739e-02
-4.089360311627388000e-02
-1.081246286630630493e-01
-2.580296099185943604e-01
8.308516442775726318e-02
4.233115613460540771e-01
2.243447303771972656e-01
-1.525328308343887329e-01
1.711636036634445190e-02
1.823397353291511536e-03
-4.614137113094329834e-02
9.218510985374450684e-02
6.777330487966537476e-02
-1.126938983798027039e-01
-1.306961476802825928e-02
-5.487272888422012329e-02
9.241384267807006836e-02
1.556685566902160645e-01
-5.084327608346939087e-02
-3.155761398375034332e-03
1.604244858026504517e-01
5.465521290898323059e-02
-4.304237663745880127e-02
4.097773134708404541e-02
-2.975605428218841553e-03
-1.063561290502548218e-01
-7.431396842002868652e-02
-4.056378453969955444e-02
3.234849125146865845e-02
1.155942082405090332e-01
-1.227190718054771423e-01
2.640211582183837891e-02
1.789443194866180420e-02
-1.973764747381210327e-01
1.760096848011016846e-01
4.619903862476348877e-03
-7.278007268905639648e-02
4.530503600835800171e-02
-9.459882974624633789e-03
-1.816596537828445435e-01
-3.366820514202117920e-02
2.205703258514404297e-01
-2.097298502922058105e-01
1.806757152080535889e-01
1.230654567480087280e-01
-4.236650466918945312e-02
1.918326020240783691e-01
6.988845765590667725e-02
1.143307164311408997e-01
8.686631917953491211e-04
-2.838040888309478760e-02
-8.780111372470855713e-02
-1.566965132951736450e-01
3.534702956676483154e-02
2.062229812145233154e-02
4.563419520854949951e-02
5.347642675042152405e-02
