-9.661183506250381470e-02
-9.422630071640014648e-03
1.459985598921775818e-02
-1.912119984626770020e-02
-4.592892527580261230e-02
-2.408804744482040405e-02
-9.588541835546493530e-02
-5.013510957360267639e-02
1.679727137088775635e-01
-5.136297643184661865e-02
1.748007535934448242e-01
-5.197378993034362793e-02
-1.972209811210632324e-01
-8.142830431461334229e-02
-4.864758253097534180e-02
1.862537860870361328e-02
-7.589711248874664307e-02
-7.767598330974578857e-02
-2.606027573347091675e-02
-5.993077903985977173e-02
3.934607282280921936e-02
2.736060693860054016e-02
2.560428529977798462e-02
9.768233448266983032e-02
-8.953992277383804321e-02
-3.789910674095153809e-01
-1.413013190031051636e-01
-1.247829869389533997e-01
-2.841643989086151123e-02
-1.173752397298812866e-01
-1.036390662193298340e-01
9.474751353263854980e-02
-1.858609914779663086e-01
-9.790221601724624634e-02
3.655823320150375366e-02
1.265241801738739014e-01
-4.571987316012382507e-02
-1.800676435232162476e-02
1.526954472064971924e-01
3.843487799167633057e-02
-1.048478633165359497e-01
-3.047777712345123291e-02
-9.152375161647796631e-03
2.829675674438476562e-01
2.064093053340911865e-01
4.926001280546188354e-02
-1.320614479482173920e-02
-5.634784698486328125e-02
1.865212917327880859e-01
-2.366480231285095215e-01
1.160510107874870300e-01
2.140464484691619873e-01
1.720066964626312256e-01
9.437322616577148438e-03
1.486366689205169678e-01
-1.120705008506774902e-01
-1.443251967430114746e-02
1.677631735801696777e-01
-1.220398843288421631e-01
1.062217354774475098e-01
-1.242244243621826172e-02
-7.620027661323547363e-02
3.818584606051445007e-03
-8.866496384143829346e-02
1.157805100083351135e-01
1.081500202417373657e-01
-5.466540530323982239e-02
-1.114488914608955383e-01
1.854088753461837769e-01
-1.231140419840812683e-01
1.741207391023635864e-02
1.007051840424537659e-01
-1.423675417900085449e-01
-2.921820878982543945e-01
-2.066874355077743530e-01
8.941580355167388916e-02
4.147355258464813232e-01
1.852722913026809692e-01
-1.627098470926284790e-01
6.427612155675888062e-02
-8.623557537794113159e-02
-6.885209679603576660e-02
7.818430662155151367e-02
3.996683657169342041e-02
-4.197089374065399170e-02
-7.906302809715270996e-03
-9.985355287790298462e-02
6.473080813884735107e-02
1.877409219741821289e-01
-1.230404525995254517e-02
-1.323796808719635010e-02
1.622108221054077148e-01
-7.052823156118392944e-02
1.014728993177413940e-01
5.942150950431823730e-02
-3.321231901645660400e-02
-8.336891233921051025e-02
5.513168871402740479e-02
-1.685308367013931274e-01
3.669456392526626587e-02
-2.924989163875579834e-02
-9.321671724319458008e-02
-2.476404607295989990e-02
2.286629378795623779e-02
-1.383533179759979248e-01
6.498248875141143799e-02
3.081861138343811035e-02
-5.914188548922538757e-02
-5.933487415313720703e-02
-7.378527522087097168e-02
-1.409105062484741211e-01
8.352622389793395996e-03
1.671437919139862061e-01
-3.077446818351745605e-01
1.780254989862442017e-01
9.838223457336425781e-02
6.938919425010681152e-02
2.201716899871826172e-01
1.689033955335617065e-02
4.628302901983261108e-02
5.512691289186477661e-02
-1.311925649642944336e-01
-1.636155247688293457e-01
-3.045250102877616882e-02
7.461903989315032959e-02
3.284823149442672729e-02
-3.445376455783843994e-02
-1.905191689729690552e-02
