-4.810259491205215454e-02
5.839027836918830872e-02
-3.825606778264045715e-03
-5.590165406465530396e-02
-9.835954010486602783e-02
-1.266752183437347412e-02
3.342282772064208984e-02
-7.027771323919296265e-03
1.896089315414428711e-01
7.229005917906761169e-03
1.761252284049987793e-01
-4.059718921780586243e-02
-1.924855709075927734e-01
2.762392163276672363e-03
-3.357906639575958252e-02
7.096407562494277954e-02
-1.914977133274078369e-01
-4.717374593019485474e-02
-1.013214215636253357e-01
-1.251788437366485596e-01
-3.125036507844924927e-02
1.039660573005676270e-01
1.838558912277221680e-02
4.074458032846450806e-02
-8.020661026239395142e-02
-3.263016939163208008e-01
-1.157131791114807129e-02
-1.356375366449356079e-01
1.639977693557739258e-01
-1.009974628686904907e-01
1.351903006434440613e-02
1.058093458414077759e-01
-1.915438771247863770e-01
-1.125569641590118408e-01
1.058157980442047119e-01
9.168356657028198242e-02
-4.141628742218017578e-04
-4.497881233692169189e-02
1.443542838096618652e-01
4.166073352098464966e-02
-1.163510307669639587e-01
1.462401449680328369e-02
4.793002456426620483e-02
3.037774562835693359e-01
1.327695846557617188e-01
1.019692569971084595e-01
-4.024407826364040375e-03
-9.700869023799896240e-02
1.461596488952636719e-01
-2.290021479129791260e-01
1.127505600452423096e-01
1.243228465318679810e-01
7.259951531887054443e-02
2.883977442979812622e-02
6.211236864328384399e-02
-1.612022221088409424e-01
3.302136063575744629e-02
8.454623073339462280e-02
-2.410875409841537476e-01
1.155310273170471191e-01
1.066536307334899902e-01
-2.174451947212219238e-02
-5.042344331741333008e-02
-7.272100448608398438e-02
1.181823760271072388e-01
3.125410526990890503e-03
-1.173659116029739380e-01
-1.105419173836708069e-01
3.872203081846237183e-02
-2.053759545087814331e-01
-3.257736563682556152e-03
9.507334232330322266e-02
-6.135861575603485107e-02
-1.588274240493774414e-01
-2.656677663326263428e-01
9.620717167854309082e-02
4.457500576972961426e-01
1.502366662025451660e-01
-8.220162242650985718e-02
1.503651961684226990e-02
-2.701161429286003113e-03
-8.815352618694305420e-02
6.056655943393707275e-02
1.312863826751708984e-01
-1.043315082788467407e-01
-3.137166798114776611e-02
-2.764815650880336761e-02
7.227323949337005615e-02
1.382548213005065918e-01
1.578812301158905029e-02
-4.366451501846313477e-02
1.834381520748138428e-01
-7.022982835769653320e-02
1.293870061635971069e-02
-5.400626733899116516e-02
7.451529800891876221e-02
-1.484014987945556641e-01
1.542280986905097961e-02
-2.906831912696361542e-02
-2.051162719726562500e-02
8.699001371860504150e-02
-9.559708088636398315e-02
-6.690666079521179199e-03
9.240517020225524902e-02
-2.350375652313232422e-01
1.388363838195800781e-01
-6.392263621091842651e-02
-6.044087186455726624e-02
6.575945019721984863e-02
-4.322938621044158936e-02
-3.147839382290840149e-02
-2.435073256492614746e-02
1.818755418062210083e-01
-2.743500471115112305e-01
1.856592744588851929e-01
2.190058082342147827e-01
5.356263369321823120e-02
1.591284871101379395e-01
4.546061158180236816e-03
1.699329912662506104e-02
6.852807104587554932e-02
1.093651354312896729e-02
-1.543529778718948364e-01
-1.058251112699508667e-01
-2.720899879932403564e-03
-6.609818339347839355e-02
5.800455808639526367e-03
-3.392772004008293152e-02
