-1.176607906818389893e-01
1.306408196687698364e-01
3.390723839402198792e-02
-1.603546552360057831e-02
-4.820149391889572144e-02
-7.710345834493637085e-02
-3.084161877632141113e-02
-3.368233144283294678e-02
6.793810427188873291e-02
1.426350045949220657e-02
1.037184521555900574e-01
-6.603227555751800537e-02
-2.328063547611236572e-01
-2.556098997592926025e-02
-7.289300113916397095e-02
1.066418588161468506e-01
-9.936654567718505859e-02
-1.353729963302612305e-01
-1.019446700811386108e-01
-4.984488338232040405e-02
1.360964030027389526e-01
1.062261313199996948e-01
-9.248132258653640747e-02
7.039326429367065430e-02
-1.487250030040740967e-01
-2.632094025611877441e-01
-4.931683093309402466e-02
-6.466521322727203369e-02
-6.725758314132690430e-02
-1.230025738477706909e-01
2.367210760712623596e-02
6.033192574977874756e-02
-1.421597301959991455e-01
-7.175165414810180664e-02
6.655709445476531982e-02
5.559634417295455933e-02
4.119200259447097778e-02
-2.740108221769332886e-02
1.549992859363555908e-01
4.432868212461471558e-02
-1.503347605466842651e-01
-1.772448420524597168e-03
1.014455109834671021e-01
3.557880818843841553e-01
1.371390521526336670e-01
1.085190027952194214e-01
3.646673634648323059e-03
1.597145199775695801e-02
1.093278527259826660e-01
-2.679039537906646729e-01
2.172221429646015167e-03
1.603028178215026855e-01
8.281876891851425171e-02
9.587420523166656494e-02
4.902796074748039246e-02
-1.417396515607833862e-01
4.010316729545593262e-02
8.491201698780059814e-02
-2.081241905689239502e-01
4.400350153446197510e-02
4.872818291187286377e-02
-4.386414587497711182e-02
1.923285052180290222e-02
-5.848737061023712158e-02
1.771720349788665771e-01
9.169856086373329163e-03
-1.434246748685836792e-01
-4.038625955581665039e-02
3.511875495314598083e-02
-2.380242347717285156e-01
-5.919010192155838013e-02
1.069361716508865356e-02
-7.742644846439361572e-02
-1.560247838497161865e-01
-2.909487783908843994e-01
4.753872752189636230e-02
3.817493021488189697e-01
1.623152643442153931e-01
-1.899932771921157837e-01
3.353051841259002686e-03
-5.826395004987716675e-03
-5.696848034858703613e-03
1.117899268865585327e-01
1.291537284851074219e-02
-9.718855470418930054e-02
6.028736382722854614e-02
-7.880815863609313965e-02
2.507209777832031250e-03
2.667522728443145752e-01
4.737347364425659180e-02
-1.755601726472377777e-02
2.134254276752471924e-01
4.766868054866790771e-02
-2.498901635408401489e-02
4.046064615249633789e-02
1.519782096147537231e-02
-4.521514475345611572e-02
-5.674293637275695801e-02
-5.477131158113479614e-02
8.736507594585418701e-02
-3.474359959363937378e-02
-1.030079275369644165e-01
-1.687194406986236572e-02
1.174589693546295166e-01
-1.633310168981552124e-01
1.198026537895202637e-01
-9.168684482574462891e-04
-1.241866126656532288e-02
-1.197338849306106567e-01
7.777811586856842041e-02
-1.788857728242874146e-01
-8.096277713775634766e-02
1.322877705097198486e-01
-1.802287995815277100e-01
9.161043167114257812e-02
2.026488780975341797e-01
-9.982750751078128815e-03
8.963781595230102539e-02
4.024859890341758728e-02
5.420792847871780396e-02
-1.428523659706115723e-02
3.368285298347473145e-02
-7.707874476909637451e-02
-1.433549970388412476e-01
1.155627593398094177e-01
-2.557513117790222168e-02
7.504285871982574463e-02
-1.829459518194198608e-02
