-5.796781554818153381e-02
7.302420586347579956e-02
3.919994458556175232e-02
3.022959642112255096e-02
-1.299793720245361328e-01
-1.436440646648406982e-02
-4.547456279397010803e-02
-5.239136517047882080e-02
1.281576752662658691e-01
-6.852806359529495239e-02
1.441430449485778809e-01
-5.494619905948638916e-02
-1.909434050321578979e-01
-2.711649611592292786e-02
-2.465609833598136902e-02
3.670569136738777161e-02
1.938075572252273560e-02
-1.543840467929840088e-01
-5.079695582389831543e-02
-1.585349440574645996e-02
9.026640653610229492e-02
1.030275225639343262e-01
-7.171381264925003052e-03
4.728710651397705078e-02
-1.607197523117065430e-01
-3.354527950286865234e-01
-8.738470822572708130e-02
-1.138156577944755554e-01
-2.763208001852035522e-02
-6.908042728900909424e-02
-5.718076229095458984e-02
7.236001640558242798e-02
-7.050486654043197632e-02
-5.494758486747741699e-02
4.985669627785682678e-02
5.384512990713119507e-02
-7.852435111999511719e-02
-3.598988056182861328e-02
1.534775346517562866e-01
6.302415579557418823e-02
-2.247720956802368164e-01
-4.735703766345977783e-02
1.031550765037536621e-02
2.781431674957275391e-01
1.495937854051589966e-01
1.239054277539253235e-02
2.941052801907062531e-02
-1.168517917394638062e-01
1.358413398265838623e-01
-2.692728638648986816e-01
6.501896679401397705e-02
1.787238419055938721e-01
8.368770033121109009e-02
8.112279325723648071e-02
1.710196733474731445e-01
-9.427148848772048950e-02
5.105262994766235352e-02
1.125144511461257935e-01
-1.737046539783477783e-01
1.101003661751747131e-01
-1.216768473386764526e-02
-1.747701689600944519e-02
-2.388248220086097717e-03
-7.856282591819763184e-02
1.259542107582092285e-01
7.347653806209564209e-02
-3.291552513837814331e-02
-9.789604693651199341e-02
1.388409435749053955e-01
-1.890371739864349365e-01
-1.247976422309875488e-01
1.439662426710128784e-01
-7.706300914287567139e-02
-2.667762637138366699e-01
-2.368343323469161987e-01
2.086843550205230713e-02
3.735784292221069336e-01
2.195873856544494629e-01
-1.942764520645141602e-01
5.061094462871551514e-02
2.662002108991146088e-03
-2.441890910267829895e-02
1.094557568430900574e-01
2.065336704254150391e-02
-1.077864766120910645e-01
4.730524867773056030e-02
-1.203451380133628845e-01
-3.153726458549499512e-03
2.445555925369262695e-01
-3.440237045288085938e-02
-1.955459266901016235e-02
2.641717791557312012e-01
1.591349393129348755e-02
7.877349108457565308e-02
1.360147595405578613e-01
6.932394206523895264e-02
-7.238142192363739014e-02
-5.843374878168106079e-03
-1.572104990482330322e-01
-6.175988167524337769e-02
1.384776681661605835e-01
-1.299729049205780029e-01
-1.314431428909301758e-04
7.064282149076461792e-02
-2.070306837558746338e-01
1.531399488449096680e-01
-2.513909339904785156e-02
-7.508918642997741699e-03
-1.831415295600891113e-02
-4.882006347179412842e-02
-1.193960011005401611e-01
3.802092373371124268e-02
1.992178708314895630e-01
-1.924166530370712280e-01
1.289240121841430664e-01
9.812644869089126587e-02
5.648371577262878418e-02
1.424614042043685913e-01
9.537923336029052734e-02
-2.680937945842742920e-02
-3.238807618618011475e-02
-1.408352106809616089e-01
-1.385134756565093994e-01
-6.387225538492202759e-02
8.428584039211273193e-02
-1.211407035589218140e-02
-4.354846477508544922e-02
1.668526977300643921e-02
